1. 1981 to 1981
2. 1979 to 1997
3. 1968 to 1976
4. 1906 to 1940
5. 1917 to 1925
6. 1986 to 1996
7. 1919 to 1942
8. 1973 to 1975
9. 1910 to 1972
10. 1908 to 1957
11. 1943 to 1943
12. 1931 to 1969
13. 1916 to 1930
14. 1905 to 1919
15. 1929 to 1954
16. 1969 to 1974
17. 1920 to 1996
18. 1925 to 1965
19. 1948 to 1976
20. 1916 to 1987
21. 1956 to 1984
22. 1926 to 1986
23. 1917 to 1990
24. 1999 to 1999
25. 1974 to 1994
26. 1993 to 1994
27. 1911 to 1969
28. 1975 to 1984
29. 1924 to 1933
30. 1974 to 1993
31. 1907 to 1947
32. 1976 to 1977
33. 1972 to 1998
34. 1962 to 1962
35. 1937 to 1966
36. 1985 to 1994
37. 1919 to 1943
38. 1949 to 1989
39. 1957 to 1986
40. 1946 to 1997
41. 1997 to 1999
42. 1951 to 1984
43. 1929 to 1983
44. 1903 to 1995
45. 1907 to 1998
46. 1989 to 1995
47. 1906 to 1907
48. 1915 to 1959
49. 1933 to 1959
50. 1932 to 1995
51. 1971 to 1980
52. 1953 to 1996
53. 1967 to 1978
54. 1912 to 1946
55. 1952 to 1995
56. 1972 to 1972
57. 1967 to 1981
58. 1994 to 1999
59. 1972 to 1990
60. 1941 to 1989
61. 1948 to 1955
62. 1923 to 1978
63. 1948 to 1953
64. 1922 to 1992
65. 1905 to 1911
66. 1969 to 1993
67. 2000 to 2000
68. 1976 to 1984
69. 1988 to 1999
70. 1946 to 1964
71. 1985 to 1987
72. 1915 to 1999
73. 1971 to 1972
74. 1983 to 1987
75. 1929 to 1963
76. 1911 to 1952
77. 1966 to 1988
78. 1943 to 1963
79. 1911 to 1962
80. 1988 to 1996
81. 1968 to 1989
82. 1907 to 1921
83. 1927 to 1988
84. 1967 to 1977
85. 1982 to 1992
86. 1917 to 1978
87. 1965 to 1995
88. 1967 to 1992
89. 1981 to 1991
90. 1917 to 1974
91. 1972 to 1983
92. 1983 to 2000
93. 1994 to 1998
94. 1913 to 1994
95. 1985 to 1997
96. 1938 to 1963
97. 1987 to 1994
98. 1926 to 1968
99. 1982 to 1996
100. 1995 to 1999
101. 1982 to 1986
102. 1951 to 1952
103. 1909 to 1993
104. 1931 to 1983
105. 1918 to 1986
106. 1901 to 1913
107. 1965 to 1967
108. 1926 to 1990
109. 1919 to 1928
110. 1900 to 1942
111. 1974 to 1986
112. 1904 to 1924
113. 1979 to 1985
114. 2000 to 2000
115. 1964 to 1990
116. 1992 to 1996
117. 1925 to 1965
118. 1991 to 1991
119. 1940 to 1983
120. 1970 to 1989
121. 1985 to 1991
122. 1957 to 1961
123. 1952 to 1974
124. 1963 to 1969
125. 1946 to 2000
126. 1924 to 1965
127. 1928 to 1991
128. 1985 to 1997
129. 1949 to 1985
130. 1949 to 1992
131. 1903 to 1943
132. 1901 to 1963
133. 1934 to 1964
134. 1952 to 2000
135. 1953 to 2000
136. 1963 to 1988
137. 1985 to 1992
138. 1966 to 1990
139. 1943 to 1949
140. 1922 to 1985
141. 1927 to 1941
142. 1943 to 1948
143. 1971 to 1980
144. 1988 to 1997
145. 1905 to 1987
146. 1985 to 1996
147. 1970 to 1979
148. 1985 to 1985
149. 1995 to 1998
150. 1995 to 1999
151. 1967 to 1984
152. 1938 to 1964
153. 1922 to 1945
154. 1926 to 1985
155. 1947 to 1964
156. 1908 to 1947
157. 1981 to 1999
158. 1958 to 1988
159. 1994 to 1994
160. 1967 to 1994
161. 1902 to 1905
162. 1974 to 1978
163. 1903 to 1924
164. 1906 to 1975
165. 1967 to 1998
166. 1930 to 1948
167. 1966 to 1967
168. 1985 to 1999
169. 1963 to 1978
170. 1906 to 1950
171. 1901 to 1942
172. 1931 to 1961
173. 1992 to 2000
174. 1928 to 1948
175. 1917 to 1935
176. 1959 to 1976
177. 1909 to 1994
178. 1968 to 1973
179. 1954 to 1981
180. 1984 to 1995
181. 1937 to 1953
182. 1910 to 1931
183. 1994 to 2000
184. 1946 to 1976
185. 1943 to 1995
186. 1930 to 1968
187. 1955 to 1969
188. 1981 to 1984
189. 1998 to 2000
190. 1930 to 1970
191. 1937 to 1958
192. 1981 to 1982
193. 1983 to 1995
194. 1931 to 1960
195. 1972 to 1984
196. 1913 to 1921
197. 1999 to 1999
198. 1928 to 1943
199. 1971 to 1984
200. 1903 to 1997
201. 1961 to 1972
202. 1980 to 1994
203. 1976 to 1993
204. 1998 to 1998
205. 1926 to 1961
206. 1920 to 1972
207. 1906 to 1961
208. 1910 to 1915
209. 1999 to 1999
210. 1942 to 1954
211. 1989 to 1991
212. 1940 to 1941
213. 1949 to 1973
214. 1952 to 1979
215. 1915 to 1958
216. 1936 to 1977
217. 1953 to 1989
218. 1907 to 1994
219. 1942 to 1994
220. 1969 to 1971
221. 1927 to 1952
222. 1978 to 1998
223. 1988 to 1997
224. 1923 to 1934
225. 1905 to 1953
226. 1925 to 1975
227. 1984 to 1995
228. 1954 to 1990
229. 1994 to 2000
230. 1930 to 1931
231. 1976 to 1984
232. 1963 to 1977
233. 1986 to 1997
234. 1957 to 1983
235. 1978 to 1990
236. 1999 to 2000
237. 1929 to 1980
238. 1967 to 1997
239. 1982 to 1997
240. 1957 to 1964
241. 1972 to 1972
242. 1963 to 1993
243. 1919 to 1943
244. 1916 to 1925
245. 1959 to 1995
246. 1971 to 1989
247. 1944 to 1995
248. 1958 to 1976
249. 1984 to 1984
250. 1935 to 1944
251. 1994 to 1997
252. 1995 to 1995
253. 1928 to 1955
254. 1993 to 1993
255. 1987 to 1988
256. 1972 to 1999
257. 1937 to 1950
258. 1948 to 1958
259. 1997 to 1997
260. 1905 to 1910
261. 1914 to 1977
262. 1991 to 1996
263. 1925 to 1979
264. 1998 to 1999
265. 1947 to 1996
266. 1904 to 1981
267. 1991 to 2000
268. 1917 to 1984
269. 1971 to 1979
270. 1967 to 1970
271. 1960 to 1984
272. 1957 to 1969
273. 1935 to 1952
274. 1916 to 1922
275. 1952 to 1954
276. 1992 to 1999
277. 1974 to 1981
278. 1931 to 1948
279. 1949 to 1970
280. 1997 to 1999
281. 1972 to 1987
282. 1993 to 1995
283. 1990 to 1999
284. 1921 to 1965
285. 1985 to 1999
286. 1930 to 1936
287. 1946 to 1972
288. 1979 to 2000
289. 1973 to 1975
290. 1935 to 1949
291. 1934 to 1952
292. 1906 to 1928
293. 1932 to 1982
294. 1971 to 1986
295. 1929 to 1997
296. 1945 to 1959
297. 1934 to 1985
298. 1945 to 1989
299. 1987 to 1995
300. 1940 to 1971
301. 1940 to 1969
302. 2000 to 2000
303. 1918 to 1947
304. 1907 to 1944
305. 1960 to 1966
306. 1911 to 1939
307. 1939 to 1939
308. 1928 to 1997
309. 1982 to 1984
310. 1957 to 1960
311. 1957 to 1984
312. 1954 to 1999
313. 1912 to 1931
314. 1989 to 2000
315. 1991 to 1992
316. 1994 to 1996
317. 1947 to 1957
318. 1932 to 1991
319. 1979 to 1979
320. 1997 to 2000
321. 1904 to 1958
322. 1927 to 1991
323. 1965 to 2000
324. 1998 to 2000
325. 1968 to 1969
326. 1982 to 1996
327. 1902 to 1981
328. 1960 to 1999
329. 1913 to 1998
330. 1968 to 2000
331. 1932 to 1935
332. 1912 to 1960
333. 1907 to 1951
334. 1957 to 1963
335. 1972 to 1982
336. 1992 to 1995
337. 1976 to 1993
338. 1958 to 1971
339. 1913 to 1991
340. 1980 to 1991
341. 1999 to 1999
342. 1907 to 1980
343. 1959 to 1969
344. 1910 to 1910
345. 1953 to 1992
346. 1924 to 1958
347. 1992 to 1996
348. 1900 to 1908
349. 1918 to 1998
350. 1990 to 1990
351. 1925 to 1939
352. 1961 to 1985
353. 2000 to 2000
354. 1975 to 1977
355. 1958 to 1997
356. 1972 to 1983
357. 1984 to 1991
358. 1979 to 2000
359. 1910 to 1974
360. 1943 to 1961
361. 1930 to 1938
362. 1929 to 1969
363. 1962 to 1984
364. 1936 to 1985
365. 1960 to 1962
366. 1952 to 1974
367. 2000 to 2000
368. 1901 to 1951
369. 1997 to 1997
370. 1930 to 1967
371. 1936 to 1979
372. 1911 to 1978
373. 1921 to 1959
374. 1923 to 1941
375. 1937 to 1995
376. 1979 to 2000
377. 1975 to 1999
378. 1969 to 1986
379. 1984 to 1995
380. 1933 to 1969
381. 1972 to 1984
382. 1996 to 1999
383. 1934 to 1996
384. 1981 to 1982
385. 1933 to 1979
386. 1967 to 1969
387. 1901 to 1910
388. 1960 to 1998
389. 1954 to 1971
390. 1908 to 1963
391. 1901 to 1936
392. 1914 to 1982
393. 1940 to 1948
394. 1987 to 1988
395. 1954 to 1982
396. 1959 to 1966
397. 1990 to 1994
398. 1993 to 1996
399. 1944 to 1999
400. 1990 to 1992
401. 1964 to 1972
402. 1930 to 1985
403. 1977 to 1984
404. 1906 to 1916
405. 1972 to 1996
406. 1912 to 1976
407. 1997 to 1997
408. 1965 to 1977
409. 1945 to 1949
410. 1976 to 1995
411. 1977 to 1997
412. 1981 to 1981
413. 1979 to 1990
414. 1953 to 1972
415. 1903 to 1949
416. 1910 to 1959
417. 1973 to 1987
418. 1978 to 1996
419. 1902 to 1915
420. 1973 to 1987
421. 1902 to 1989
422. 1979 to 1985
423. 1959 to 1989
424. 1986 to 1999
425. 1940 to 1999
426. 1965 to 1971
427. 1912 to 1967
428. 1925 to 1954
429. 1969 to 1976
430. 1995 to 1998
431. 1928 to 1960
432. 1970 to 1993
433. 1997 to 1997
434. 1944 to 1998
435. 1911 to 1937
436. 1908 to 1991
437. 1969 to 1970
438. 1960 to 1979
439. 1948 to 1977
440. 1938 to 1996
441. 1981 to 1989
442. 1970 to 1989
443. 1900 to 1920
444. 1925 to 1984
445. 1984 to 1993
446. 1915 to 1972
447. 1961 to 1978
448. 1989 to 1991
449. 1958 to 1980
450. 1968 to 1991
451. 1969 to 2000
452. 1925 to 1967
453. 1911 to 1918
454. 1917 to 1917
455. 1901 to 1917
456. 1962 to 1999
457. 2000 to 2000
458. 1963 to 1964
459. 1962 to 1968
460. 1980 to 1984
461. 1983 to 1983
462. 1947 to 1962
463. 1989 to 1996
464. 1977 to 1985
465. 1929 to 1944
466. 1982 to 1999
467. 1999 to 1999
468. 1946 to 1948
469. 1931 to 1987
470. 1916 to 1950
471. 1980 to 1998
472. 1972 to 1977
473. 1919 to 1995
474. 1969 to 1994
475. 1968 to 1993
476. 1920 to 1962
477. 1990 to 1994
478. 1948 to 1948
479. 1980 to 2000
480. 1962 to 1994
481. 1964 to 1989
482. 1994 to 1994
483. 1915 to 1932
484. 1981 to 1993
485. 1925 to 1987
486. 1994 to 1994
487. 1912 to 1960
488. 1933 to 1994
489. 1974 to 1990
490. 1926 to 1939
491. 1980 to 1981
492. 1962 to 1999
493. 1990 to 1992
494. 1953 to 1966
495. 1956 to 1983
496. 1902 to 1967
497. 1996 to 1996
498. 1937 to 1965
499. 1925 to 1969
500. 1901 to 1918
501. 1929 to 1998
502. 1906 to 1965
503. 1987 to 1998
504. 1942 to 1964
505. 1923 to 1960
506. 1933 to 1941
507. 1922 to 1967
508. 1910 to 1963
509. 1910 to 1934
510. 1933 to 1939
511. 1988 to 1999
512. 1900 to 1998
513. 1975 to 1982
514. 1985 to 2000
515. 1901 to 1942
516. 1927 to 1958
517. 1989 to 1996
518. 1956 to 1987
519. 1922 to 1923
520. 1907 to 1980
521. 1913 to 1972
522. 1999 to 1999
523. 1943 to 1998
524. 1926 to 1941
525. 1929 to 1964
526. 1924 to 1958
527. 1967 to 1997
528. 1900 to 1935
529. 1963 to 1998
530. 1910 to 1980
531. 1980 to 1986
532. 1960 to 1987
533. 1939 to 1974
534. 1920 to 1944
535. 1920 to 1970
536. 1989 to 1995
537. 1933 to 1942
538. 1904 to 1945
539. 1970 to 1980
540. 1956 to 1971
541. 1939 to 1983
542. 1988 to 2000
543. 1938 to 1961
544. 1907 to 1967
545. 1951 to 1969
546. 2000 to 2000
547. 1914 to 1954
548. 1978 to 1989
549. 1913 to 1966
550. 1978 to 1987
551. 1907 to 1909
552. 1992 to 1992
553. 1979 to 1999
554. 1960 to 1984
555. 1918 to 1944
556. 1924 to 1929
557. 1965 to 1982
558. 1940 to 1943
559. 1931 to 2000
560. 1921 to 1957
561. 1980 to 1981
562. 1941 to 1968
563. 1902 to 1935
564. 1991 to 1993
565. 1977 to 1988
566. 1960 to 1974
567. 1995 to 1998
568. 1912 to 1942
569. 1979 to 1983
570. 1961 to 1972
571. 1971 to 1994
572. 1995 to 2000
573. 1981 to 1984
574. 1904 to 1967
575. 1960 to 1982
576. 1993 to 1995
577. 1929 to 1952
578. 1964 to 1997
579. 1952 to 1967
580. 1974 to 1995
581. 1970 to 1992
582. 1911 to 1989
583. 1967 to 1991
584. 1998 to 1999
585. 1900 to 1947
586. 1966 to 1977
587. 1933 to 1994
588. 1923 to 1954
589. 1967 to 1994
590. 1910 to 1966
591. 1927 to 1994
592. 1970 to 1990
593. 1942 to 1995
594. 1996 to 1996
595. 1911 to 1981
596. 1931 to 1998
597. 1921 to 1948
598. 1954 to 1961
599. 1912 to 1974
600. 1965 to 1967
601. 1952 to 1959
602. 1970 to 1977
603. 1983 to 1986
604. 1957 to 1964
605. 1922 to 1970
606. 1925 to 1967
607. 1976 to 1995
608. 1992 to 1997
609. 1979 to 1997
610. 1933 to 1953
611. 1994 to 1994
612. 1958 to 1960
613. 1973 to 1976
614. 1943 to 1968
615. 1998 to 1998
616. 1946 to 1991
617. 1972 to 2000
618. 1966 to 1982
619. 1963 to 1997
620. 1950 to 1956
621. 1934 to 1969
622. 1980 to 1981
623. 1995 to 2000
624. 1939 to 1974
625. 1982 to 2000
626. 1975 to 1995
627. 1937 to 1988
628. 1922 to 1933
629. 1930 to 1993
630. 1967 to 1987
631. 1937 to 1949
632. 1935 to 1965
633. 1970 to 1998
634. 1968 to 1988
635. 1904 to 1990
636. 1953 to 1996
637. 1964 to 1980
638. 1923 to 1925
639. 1935 to 1962
640. 1938 to 1951
641. 1947 to 1958
642. 1900 to 1996
643. 1923 to 1984
644. 1984 to 1991
645. 1909 to 1988
646. 1953 to 1983
647. 1921 to 1995
648. 1906 to 1935
649. 1941 to 1953
650. 1964 to 1998
651. 1980 to 1996
652. 1980 to 2000
653. 1958 to 1991
654. 1931 to 1959
655. 1939 to 1974
656. 1935 to 1991
657. 1994 to 1998
658. 1934 to 1943
