1. 1950 to 1966
2. 1955 to 1993
3. 1941 to 1985
4. 1934 to 1986
5. 1915 to 1962
6. 1914 to 1915
7. 1937 to 1958
8. 1995 to 2000
9. 1929 to 1943
10. 1940 to 1982
11. 1997 to 1997
12. 1964 to 1970
13. 1924 to 1950
14. 1927 to 1962
15. 1958 to 1981
16. 1979 to 1996
17. 1911 to 1991
18. 1988 to 1996
19. 1940 to 1991
20. 1997 to 1997
21. 1967 to 1970
22. 1902 to 1995
23. 1936 to 1943
24. 1957 to 1989
25. 1909 to 1951
26. 1927 to 1977
27. 1928 to 1968
28. 1978 to 1984
29. 1951 to 1964
30. 1969 to 1977
31. 1908 to 1980
32. 1909 to 1925
33. 1922 to 1987
34. 1996 to 1998
35. 1975 to 1978
36. 1938 to 1943
37. 1990 to 1999
38. 1971 to 1987
39. 1957 to 1974
40. 1940 to 1975
41. 1915 to 1924
42. 1995 to 1997
43. 1919 to 1957
44. 1972 to 1976
45. 1947 to 2000
46. 1992 to 1992
47. 1918 to 1983
48. 1962 to 1977
49. 1951 to 1963
50. 1959 to 1960
51. 1919 to 1939
52. 1930 to 1979
53. 1998 to 2000
54. 1948 to 1950
55. 1947 to 1959
56. 1926 to 1999
57. 1922 to 1939
58. 1954 to 1997
59. 1906 to 1914
60. 1924 to 1937
61. 1943 to 1946
62. 1956 to 1979
63. 1954 to 1973
64. 1934 to 1945
65. 1968 to 1996
66. 1945 to 1983
67. 1906 to 1909
68. 1930 to 1969
69. 1910 to 1970
70. 1970 to 1984
71. 1952 to 1996
72. 1928 to 1943
73. 1907 to 1936
74. 1997 to 1997
75. 1932 to 1966
76. 1960 to 1974
77. 1932 to 1944
78. 1920 to 1981
79. 1956 to 1966
80. 1953 to 1964
81. 1995 to 2000
82. 1969 to 1976
83. 1976 to 1985
84. 1997 to 1997
85. 1987 to 2000
86. 1915 to 1950
87. 1968 to 1971
88. 1931 to 1985
89. 1934 to 1936
90. 1981 to 1997
91. 1914 to 1918
92. 1936 to 1995
93. 1923 to 1949
94. 1982 to 2000
95. 1924 to 1926
96. 1951 to 1998
97. 1965 to 1983
98. 1937 to 1969
99. 1969 to 1999
100. 1968 to 1995
101. 1903 to 1920
102. 1958 to 1999
103. 1992 to 1998
104. 1916 to 1958
105. 1978 to 1996
106. 1976 to 1994
107. 1949 to 1983
108. 1932 to 1939
109. 1934 to 1937
110. 1921 to 1956
111. 1982 to 1992
112. 1941 to 1955
113. 1979 to 1988
114. 1980 to 2000
115. 1933 to 1945
116. 1946 to 1957
117. 1937 to 1982
118. 1992 to 1996
119. 1931 to 1979
120. 1903 to 1906
121. 1931 to 1986
122. 1962 to 1966
123. 1976 to 1979
124. 1966 to 1986
125. 2000 to 2000
126. 1928 to 1955
127. 1960 to 1998
128. 1921 to 1938
129. 1992 to 1996
130. 1971 to 1992
131. 1932 to 1945
132. 1987 to 2000
133. 1998 to 1998
134. 1996 to 1996
135. 1956 to 1965
136. 1993 to 1994
137. 1937 to 1945
138. 1977 to 1999
139. 1934 to 1972
140. 1983 to 1993
141. 1919 to 1997
142. 1927 to 1954
143. 1966 to 1994
144. 1938 to 1950
145. 1921 to 1949
146. 2000 to 2000
147. 1955 to 1992
148. 1999 to 2000
149. 1999 to 2000
150. 1985 to 1992
151. 1952 to 1972
152. 1918 to 1951
153. 1935 to 1997
154. 1973 to 1994
155. 1903 to 1976
156. 1934 to 1974
157. 1992 to 1995
158. 1914 to 1975
159. 1995 to 1995
160. 1912 to 1988
161. 1945 to 1985
162. 1949 to 1998
163. 1924 to 1953
164. 1951 to 1955
165. 1996 to 1999
166. 1988 to 1997
167. 1940 to 1995
168. 1988 to 1990
169. 1998 to 1999
170. 1909 to 1969
171. 1980 to 1988
172. 1934 to 1995
173. 1984 to 1986
174. 1948 to 1953
175. 1945 to 1964
176. 1904 to 1923
177. 1926 to 1939
178. 1906 to 1990
179. 1900 to 1958
180. 1943 to 1997
181. 1914 to 2000
182. 1986 to 1988
183. 1971 to 1974
184. 1984 to 1995
185. 1967 to 1998
186. 1972 to 1991
187. 1974 to 1994
188. 1992 to 1997
189. 1910 to 1952
190. 1994 to 1994
191. 1992 to 1998
192. 1970 to 1971
193. 1915 to 1985
194. 1949 to 1976
195. 1967 to 1975
196. 1987 to 1995
197. 1920 to 1924
198. 1945 to 1947
199. 1969 to 1974
200. 1940 to 1957
201. 1938 to 1966
202. 1909 to 1987
203. 1915 to 1962
204. 1931 to 1950
205. 1934 to 1986
206. 1969 to 1981
207. 1900 to 1945
208. 1969 to 1987
209. 1932 to 1974
210. 1980 to 1986
211. 1991 to 2000
212. 1946 to 1976
213. 1923 to 1965
214. 1932 to 1978
215. 1953 to 1990
216. 1968 to 1992
217. 1913 to 1974
218. 1924 to 1951
219. 1966 to 1992
220. 1987 to 1993
221. 1949 to 1961
222. 1902 to 2000
223. 1943 to 1977
224. 1979 to 1984
225. 1915 to 1984
226. 1958 to 1963
227. 1931 to 1990
228. 1914 to 1991
229. 1956 to 1991
230. 1914 to 1944
231. 1999 to 1999
232. 1995 to 2000
233. 1934 to 1969
234. 1925 to 1945
235. 1962 to 1992
236. 1952 to 1956
237. 1947 to 1948
238. 1942 to 1995
239. 1974 to 1994
240. 1993 to 1993
241. 1987 to 1997
242. 1927 to 1932
243. 1980 to 1986
244. 1968 to 1990
245. 1953 to 1976
246. 1981 to 1995
247. 1909 to 1935
248. 1921 to 1966
249. 1943 to 1980
250. 1923 to 1998
251. 1976 to 1991
252. 1905 to 1976
253. 1926 to 1962
254. 1955 to 1981
255. 1957 to 1975
256. 1935 to 1954
257. 1920 to 1920
258. 1951 to 1976
259. 1911 to 2000
260. 1995 to 2000
261. 1906 to 1993
262. 1966 to 1966
263. 1989 to 1997
264. 1918 to 1946
265. 1938 to 1980
266. 1978 to 1984
267. 1972 to 1987
268. 1941 to 1999
269. 1916 to 1989
270. 1992 to 1997
271. 1934 to 1983
272. 1969 to 1984
273. 1973 to 1998
274. 1928 to 1928
275. 1983 to 1986
276. 1961 to 1976
277. 1921 to 1938
278. 1999 to 2000
279. 1997 to 1999
280. 1912 to 1926
281. 1979 to 1984
282. 1965 to 1990
283. 1952 to 1956
284. 1968 to 1995
285. 1981 to 1992
286. 1947 to 1956
287. 1932 to 1990
288. 1923 to 1976
289. 1943 to 1955
290. 1945 to 1993
291. 1923 to 1944
292. 1973 to 1992
293. 1978 to 1981
294. 1920 to 1989
295. 1941 to 1965
296. 1970 to 1985
297. 1946 to 1946
298. 1974 to 1989
299. 1944 to 1980
300. 1938 to 1974
301. 1951 to 1968
302. 1928 to 1934
303. 1993 to 1997
304. 2000 to 2000
305. 1983 to 1983
306. 1948 to 1958
307. 1991 to 1992
308. 1937 to 1959
309. 1966 to 1989
310. 1964 to 1996
311. 1977 to 1982
312. 1932 to 1971
313. 1907 to 1930
314. 1996 to 1997
315. 1988 to 1996
316. 1949 to 1969
317. 1941 to 1991
318. 1990 to 2000
319. 1923 to 1973
320. 1949 to 1983
321. 1937 to 2000
322. 1987 to 1988
323. 1952 to 1961
324. 1972 to 1982
325. 1971 to 1987
326. 1942 to 1969
327. 1980 to 1988
328. 1909 to 1951
329. 1912 to 1966
330. 1991 to 1991
331. 1966 to 1976
332. 1971 to 1986
333. 1969 to 1995
334. 1950 to 1976
335. 1957 to 1964
336. 1977 to 1981
337. 1910 to 1951
338. 1918 to 1969
339. 1990 to 2000
340. 2000 to 2000
341. 1950 to 1998
342. 1929 to 1956
343. 1903 to 1995
344. 1905 to 1993
345. 1927 to 1949
346. 1911 to 1989
347. 1903 to 1944
348. 1934 to 1994
349. 1949 to 1998
350. 1927 to 1968
351. 1988 to 1995
352. 1952 to 1959
353. 1967 to 1991
354. 1944 to 1951
355. 1959 to 1977
356. 1945 to 1969
357. 1933 to 1975
358. 1951 to 1987
359. 1911 to 1986
360. 1962 to 1968
361. 1969 to 1977
362. 1957 to 1987
363. 1916 to 1922
364. 1975 to 1979
365. 1965 to 1993
366. 1913 to 1958
367. 1988 to 1999
368. 1940 to 1958
369. 1940 to 1947
370. 1908 to 1947
371. 1933 to 1950
372. 1938 to 1963
373. 1941 to 1969
374. 1959 to 1977
375. 1975 to 1981
376. 1940 to 1997
377. 1972 to 2000
378. 1927 to 1937
379. 1949 to 1985
380. 1922 to 1961
381. 1964 to 1970
382. 1914 to 1950
383. 1991 to 1999
384. 1940 to 1955
385. 1976 to 1995
386. 1926 to 1973
387. 1917 to 1989
388. 1930 to 1966
389. 1976 to 1995
390. 1943 to 1977
391. 1954 to 1973
392. 1998 to 1998
393. 1939 to 1993
394. 1918 to 1942
395. 1950 to 1976
396. 1974 to 1990
397. 1903 to 1980
398. 1948 to 1960
399. 1919 to 1969
400. 1946 to 1989
401. 1947 to 1983
402. 1990 to 1999
403. 1902 to 1998
404. 2000 to 2000
405. 1927 to 1989
406. 1941 to 1943
407. 1921 to 1965
408. 1981 to 1984
409. 1997 to 2000
410. 1947 to 1987
411. 1995 to 1998
412. 1995 to 1999
413. 1917 to 1935
414. 1992 to 1995
415. 1978 to 1978
416. 1954 to 1987
417. 1969 to 1981
418. 1941 to 1975
419. 1943 to 1992
420. 1993 to 1997
421. 1987 to 1995
422. 1975 to 1979
423. 1910 to 1982
424. 1922 to 1928
425. 1960 to 1981
426. 1957 to 1985
427. 1946 to 1976
428. 1998 to 1999
429. 1910 to 1916
430. 1960 to 1964
431. 1908 to 1925
432. 1915 to 1953
433. 1905 to 1941
434. 1933 to 1985
435. 1991 to 1999
436. 1980 to 1982
437. 1972 to 1999
438. 1972 to 1981
439. 1988 to 1990
440. 1991 to 2000
441. 1956 to 1998
442. 1998 to 1999
443. 1906 to 1975
444. 1904 to 1929
445. 1953 to 1981
446. 1935 to 1962
447. 1959 to 1990
448. 1913 to 1936
449. 1915 to 1996
450. 1970 to 1991
451. 1902 to 1951
452. 1980 to 1995
453. 1985 to 1999
454. 1986 to 1989
455. 1941 to 1997
456. 1934 to 1958
457. 1951 to 1998
458. 1929 to 1948
459. 1982 to 1998
460. 1911 to 1947
461. 1983 to 1996
462. 1978 to 1999
463. 1925 to 1969
464. 1915 to 1983
465. 1904 to 1921
466. 1989 to 2000
467. 1941 to 1976
468. 1944 to 1956
469. 1987 to 1996
470. 1994 to 1996
471. 1922 to 1979
472. 1965 to 1981
473. 1934 to 1978
474. 1979 to 1982
475. 1937 to 1993
476. 1932 to 1984
477. 1932 to 1958
478. 1937 to 1950
479. 1940 to 1961
480. 1956 to 1984
481. 1977 to 1998
482. 1966 to 1989
483. 1927 to 1982
484. 1939 to 1998
485. 1908 to 1941
486. 1920 to 1947
487. 1988 to 1997
488. 1955 to 1957
489. 1954 to 1995
490. 1945 to 1976
491. 1941 to 1962
492. 1960 to 1988
493. 1911 to 1946
494. 1994 to 1996
495. 1905 to 1965
496. 1931 to 1962
497. 1938 to 1938
498. 1963 to 1987
499. 1968 to 1976
500. 1945 to 1953
501. 1962 to 1978
502. 1954 to 1959
503. 1938 to 1955
504. 1942 to 1988
505. 1914 to 1978
506. 1983 to 1991
507. 1917 to 1946
508. 1959 to 1991
509. 1904 to 1920
510. 1958 to 1963
511. 1926 to 1969
512. 1955 to 1994
513. 1991 to 1994
514. 1998 to 2000
515. 1986 to 1999
516. 1912 to 1926
517. 1933 to 1993
518. 1979 to 1984
519. 1969 to 1994
520. 1919 to 1927
521. 1954 to 1984
522. 1924 to 1981
523. 1943 to 1960
524. 1945 to 1980
525. 1965 to 1988
526. 1904 to 1984
527. 1970 to 1972
528. 1911 to 1993
529. 1988 to 1998
530. 1930 to 1982
531. 1932 to 1965
532. 1930 to 1998
533. 1959 to 1983
534. 1984 to 1997
535. 1982 to 1982
536. 1961 to 1967
537. 1933 to 1991
538. 1965 to 1980
539. 1909 to 1981
540. 1929 to 1982
541. 1927 to 1945
542. 1999 to 1999
543. 1991 to 1995
544. 1919 to 1988
545. 1987 to 1987
546. 1971 to 1979
547. 1952 to 1995
548. 1909 to 1983
549. 1924 to 1965
550. 1940 to 1978
551. 1977 to 1981
552. 1913 to 1986
553. 1931 to 1952
554. 1940 to 1964
555. 1985 to 1990
556. 1901 to 1972
557. 1901 to 1977
558. 1914 to 2000
559. 1914 to 1987
560. 1932 to 1972
561. 1940 to 1957
562. 1910 to 1936
563. 1953 to 1956
564. 1905 to 1960
565. 1949 to 1979
566. 1980 to 1983
567. 1991 to 1992
568. 1958 to 1977
569. 1931 to 1978
570. 1915 to 1999
571. 1967 to 1979
572. 1931 to 1959
573. 1983 to 1984
574. 1910 to 1993
575. 1944 to 1955
576. 1980 to 1994
577. 1944 to 1957
578. 1935 to 1995
579. 1966 to 1996
580. 1910 to 1918
581. 1986 to 1991
582. 1963 to 1990
583. 1927 to 1958
584. 1958 to 1993
585. 1958 to 1991
586. 1926 to 1937
587. 1938 to 1955
588. 1942 to 1996
589. 1997 to 1997
590. 1993 to 2000
591. 1992 to 1993
592. 1937 to 1968
593. 1905 to 1979
594. 1917 to 1923
595. 1937 to 1981
596. 1945 to 1971
597. 1980 to 1985
598. 1939 to 1973
599. 1919 to 1990
600. 1993 to 1993
601. 1954 to 1972
602. 1904 to 1941
603. 1950 to 1961
604. 1946 to 1996
605. 1983 to 1990
606. 1992 to 1996
607. 1982 to 1984
608. 1992 to 2000
609. 1994 to 1999
610. 1987 to 1990
611. 1985 to 1993
612. 1934 to 1979
613. 1977 to 1991
614. 1929 to 1959
615. 1990 to 1991
616. 1971 to 1981
617. 1901 to 1991
618. 1998 to 2000
619. 1961 to 1961
620. 1972 to 1988
621. 1946 to 1948
622. 1962 to 1969
623. 1968 to 1983
624. 1962 to 1992
625. 1922 to 1941
626. 1972 to 1978
627. 1924 to 1966
628. 1924 to 1969
629. 1930 to 1957
630. 1945 to 1976
631. 1936 to 1977
632. 1947 to 1966
633. 1935 to 1969
634. 1952 to 1976
635. 1976 to 1988
636. 1969 to 1997
637. 1924 to 2000
638. 1990 to 1997
639. 1991 to 1993
640. 1981 to 1985
641. 1937 to 1939
642. 1979 to 1994
643. 1981 to 1989
644. 1998 to 2000
645. 1990 to 1992
646. 1947 to 1987
647. 1986 to 1994
648. 1912 to 1959
649. 1954 to 1994
650. 1999 to 2000
651. 1963 to 1999
652. 1989 to 1996
653. 1972 to 2000
654. 1923 to 1967
655. 1922 to 1974
656. 1933 to 1963
657. 1954 to 1978
658. 1963 to 2000
